[ 124497.69842335 -111102.19169472  -30627.42964134 ...  170510.38655345
  307761.92434106  -20487.61831897]
[-476142.71884197  195708.97155152   88024.7577397  ...  319912.46639707
   65672.35337516  257012.26453065]
[ 1.09308728e+13 -1.36622780e+11 -6.99847111e+08 ...  6.76020754e+08
  7.50576499e+11 -1.11095268e+08]
[-120569.26476533   -6040.3453238     6171.78602767 ...  -92671.09797934
 -132266.55834487   89642.36363098]
[138484.38219862 -17242.19224793  72630.40406632 ...   3324.2510482
 -36205.20096306  69338.11626861]
[-1.85666769e+13  2.04859833e+14  1.48003574e+14 ...  6.58537882e+13
  1.30470248e+17 -2.02455068e+13]
[  11448.35176061   12853.53067761   15203.98216921 ... -214537.64450299
  -27705.23659056 -497803.1725655 ]
[ -1224.76031499 -33284.74108315  21395.84960554 ...  -1089.81411266
   7420.88199781  15881.3501794 ]
[ -538.94077099 -3767.49964768 -1827.21876599 ... -1847.32575273
  -407.32504586  2054.17449807]
[ 283.86119254 1107.40163214 2117.34974854 ... 2480.26610184  615.60067934
 3467.60842908]
[-4.67748444e+08 -3.24364153e+08 -3.20716054e+08 ...  1.40497305e+08
  3.36448723e+08  2.58413246e+08]
